1 circle:
  1: 1 0 0 
  2: 1 2 2 
  3: 2 0 2 
  4: 2 1 0 
  5: 1 3 3 
  6: 0 4 2 
  7: 2 4 4 
  8: 3 4 2 
  9: 2 2 4 
 10: 3 4 0 
 11: 1 4 1 
 12: 4 1 0 
 13: 1 0 3 
 14: 0 4 4 
 15: 3 2 2 
 16: 2 2 2 
 17: 2 1 2 
 18: 2 1 1 
 19: 4 2 2 
 20: 2 3 2 
 21: 2 1 3 
 22: 0 0 0 
 23: 1 1 2 
 24: 2 0 1 
 25: 4 2 1 
 26: 4 4 3 
 27: 0 2 3 
 28: 0 3 1 
 29: 4 0 4 
 30: 3 1 3 
 31: 0 1 0 
 32: 1 1 3 
 33: 0 4 0 
 34: 1 1 1 
 35: 4 1 2 
 36: 2 3 1 
 37: 4 2 4 
 38: 3 1 0 
 39: 1 4 3 
 40: 0 4 3 
 41: 0 3 3 
 42: 0 3 2 
 43: 2 4 3 
 44: 0 0 3 
 45: 0 3 4 
 46: 3 2 1 
 47: 4 3 3 
 48: 0 2 2 
 49: 2 4 2 
 50: 2 1 4 
 51: 3 4 4 
 52: 3 0 2 
 53: 2 2 0 
 54: 1 3 4 
 55: 3 3 1 
 56: 4 3 4 
 57: 3 1 1 
 58: 4 3 2 
 59: 2 3 3 
 60: 0 0 2 
 61: 2 4 0 
 62: 1 3 1 
 63: 4 1 4 
 64: 3 1 4 
 65: 3 0 4 
 66: 3 0 3 
 67: 0 1 4 
 68: 3 2 4 
 69: 3 0 0 
 70: 1 4 2 
 71: 2 0 4 
 72: 3 4 3 
 73: 0 1 3 
 74: 0 3 0 
 75: 1 1 0 
 76: 1 2 3 
 77: 0 4 1 
 78: 4 0 0 
 79: 1 0 2 
 80: 2 0 0 
 81: 1 3 2 
 82: 2 0 3 
 83: 0 0 4 
 84: 3 2 3 
 85: 0 1 1 
 86: 4 0 2 
 87: 2 3 0 
 88: 1 3 0 
 89: 1 2 0 
 90: 1 2 4 
 91: 3 3 0 
 92: 1 4 0 
 93: 1 2 1 
 94: 4 1 3 
 95: 0 2 0 
 96: 1 1 4 
 97: 3 3 4 
 98: 3 0 1 
 99: 4 3 1 
100: 4 4 4 
101: 3 1 2 
102: 2 2 1 
103: 4 2 3 
104: 0 2 1 
105: 4 0 3 
106: 0 2 4 
107: 3 2 0 
108: 1 4 4 
109: 3 3 2 
110: 2 2 3 
111: 0 0 1 
112: 4 0 1 
113: 4 4 1 
114: 4 4 0 
115: 1 0 1 
116: 4 1 1 
117: 4 4 2 
118: 2 3 4 
119: 3 4 1 
120: 4 3 0 

2 circle:
  1: 0 1 2 
  2: 2 4 1 
  3: 4 2 0 
  4: 1 0 4 
  5: 3 3 3 

Circles in total:
120 5 
